1,227,227,230,01AA
2,215,215,216,01AB
3,184,184,187,01AC
4,174,174,177,01AD
5,227,204,190,01AE
6,220,198,184,01AF
7,143,123,110,01B0
8,106,80,70,01B1
9,85,32,14,01B2
10,237,254,217,01B3
11,226,237,181,01B4
12,205,217,154,01B5
13,191,246,224,01B6
14,208,251,178,01B7
15,209,237,164,01B8
16,201,194,88,01B9
17,229,226,114,01BA
18,217,213,109,01BB
19,247,201,95,01BC
20,247,175,147,01BD
21,215,153,130,01BE
22,188,96,78,01BF
23,237,226,237,1E02
24,224,215,238,1E03
25,218,210,233,1E0A
26,215,202,230,1E0B
27,240,238,249,1E1E
28,144,134,169,1E1F
29,103,64,118,1E40
30,125,119,165,1E41
31,80,81,141,1E56
32,77,46,138,1E57
33,156,89,158,1E60
34,125,48,100,1E61
35,70,5,45,1E6A
150,171,2,73,0132
151,240,206,212,012D
152,226,160,153,0149
153,230,204,217,0163
154,87,36,51,015C
155,152,145,182,016C
156,163,174,209,016A
157,187,195,217,016F
158,76,82,110,0174
159,199,202,215,00CB
160,153,159,183,00CC
161,120,128,164,00CD
162,219,236,245,00BF
163,77,131,97,0041
164,200,216,184,0058
165,239,244,164,01C0
166,192,200,64,01C2
167,167,124,73,01DD
168,209,209,209,01A4
169,132,132,132,01A5
208,131,91,139,0160
209,163,123,167,015F
210,195,159,195,015E
211,227,203,227,015D
221,136,62,67,014D
223,204,132,124,014A
224,235,183,175,0148
225,255,223,213,0147
300,111,47,0,021C
301,179,95,43,021A
304,183,31,51,0112
307,253,237,84,01F2
309,86,74,74,011E
310,0,0,0,01A9
311,28,80,102,00E7
312,53,102,139,00D5
315,129,73,82,0152
316,183,115,127,0150
317,108,108,108,01A6
318,171,171,171,01A2
319,32,95,46,0056
320,105,136,90,0054
321,199,43,59,0111
322,90,143,184,00D4
326,179,59,75,012C
327,99,54,102,0162
333,92,84,120,016E
334,115,159,193,00D3
335,238,84,110,012B
336,37,59,115,00D7
340,173,167,199,016B
341,183,191,221,0169
347,191,45,45,0105
349,210,16,53,010A
350,224,72,72,0109
351,233,106,103,0108
352,253,156,151,0107
353,254,215,204,0106
355,152,68,54,022D
356,197,106,91,022B
367,97,122,82,0055
368,166,194,152,0053
369,215,237,204,0052
370,184,157,100,01CF
371,191,166,113,01CE
372,204,183,132,01CD
400,143,67,15,021B
402,247,167,119,0218
407,187,129,97,0236
413,86,86,86,01A7
414,140,140,140,01A3
415,211,211,214,01A1
420,160,112,66,01E2
422,198,159,123,01E0
433,122,69,31,0247
434,152,94,51,0246
435,184,119,72,0245
436,203,144,81,0244
437,228,187,142,0243
444,255,214,0,01F4
445,255,251,139,01F1
451,145,123,115,023C
452,192,179,174,023B
453,215,206,203,023A
469,114,132,60,0070
470,148,171,79,006F
471,174,191,121,006E
472,216,228,152,006D
498,167,19,43,0113
500,4,77,51,0049
501,57,111,82,0048
502,91,144,113,0047
503,123,172,148,0046
504,196,222,204,0044
505,51,131,98,0039
517,59,118,143,00E5
518,79,147,167,00E3
519,126,177,200,00E2
520,102,109,79,007B
522,150,158,126,007A
523,171,177,151,0075
524,196,205,172,0079
535,99,100,88,018E
543,242,227,206,024C
550,92,24,78,0167
552,128,58,107,0166
553,163,99,139,0165
554,219,179,203,0164
561,44,106,69,0043
562,83,151,106,0038
563,143,192,152,0037
564,167,205,175,0036
580,136,141,51,01C4
581,167,174,56,01C3
597,91,163,179,00EF
598,144,195,204,00EE
600,205,47,99,013D
601,209,40,106,013C
602,226,72,116,013B
603,255,164,190,013A
604,255,176,190,0139
605,255,192,205,0138
606,250,50,3,020A
608,253,93,53,0209
610,121,96,71,01D9
611,150,118,86,01D8
612,188,154,120,01D7
613,220,196,170,01D6
632,135,85,57,0239
640,133,123,97,0188
642,164,152,120,0187
644,221,216,203,0186
645,110,101,92,019E
646,135,125,115,019D
647,176,166,156,019C
648,188,180,172,019B
666,227,29,66,0110
676,229,206,151,01E9
677,245,236,203,01DF
680,188,141,14,01EB
699,5,101,23,0068
700,7,115,27,0067
701,63,143,41,0066
702,71,167,47,0065
703,123,181,71,0064
704,158,207,52,0063
712,255,251,239,0240
718,156,36,98,0144
720,229,92,31,020F
721,242,120,66,020E
722,247,151,111,020D
725,255,200,64,01F8
726,253,215,85,01F7
727,255,241,175,01F6
728,228,180,104,01E4
729,208,165,62,01EA
730,130,123,48,01C9
731,147,139,55,01C8
732,148,140,54,01C7
733,188,179,76,01C6
734,199,192,119,01C5
738,236,204,158,0242
739,248,228,200,0241
740,255,139,0,01FF
741,255,163,43,01FE
742,255,191,87,01FD
743,254,211,118,01FC
744,255,231,147,01FB
745,255,233,173,01FA
746,252,252,238,01DE
747,229,252,253,00E8
754,247,203,191,0227
758,238,170,155,0229
760,245,173,173,0102
761,255,201,201,0101
762,236,236,236,01A0
772,228,236,212,005D
775,217,235,241,00CF
776,252,176,185,0129
777,145,53,70,0126
778,223,179,187,014E
779,98,75,69,023F
780,148,99,26,01E8
781,162,109,32,01E7
782,174,119,32,01E6
783,206,145,36,01E5
791,70,69,99,0175
792,85,91,123,0173
793,112,125,162,0171
794,143,156,193,0170
796,17,65,109,017E
797,19,71,125,017D
798,70,106,142,017C
799,116,142,182,017B
800,192,204,222,0179
801,101,57,25,0248
803,44,89,124,00D6
806,61,149,165,00EB
807,100,171,186,00EA
809,148,168,198,017A
813,161,194,215,00C1
814,123,0,27,0116
815,135,7,31,0115
816,151,11,35,0114
817,187,5,31,010B
818,255,223,217,011B
819,255,238,235,0127
820,14,54,92,017F
822,231,226,211,0185
823,33,48,99,00D8
824,57,105,135,00C4
825,71,129,165,00C3
826,107,158,191,00C2
827,189,221,237,00C0
828,197,232,237,00E0
829,126,107,66,01D5
830,141,120,75,01D4
831,170,143,86,01D3
832,189,155,81,01D2
833,200,171,108,01D1
834,219,190,127,01D0
838,89,73,55,0199
839,103,85,65,0198
840,154,124,92,0197
841,182,155,126,0196
842,209,186,161,0195
844,72,72,72,019F
869,131,94,57,01E3
890,23,73,35,0057
891,255,87,115,011A
892,255,121,140,0119
893,252,144,162,0118
894,255,178,187,0117
895,27,83,0,0062
898,73,42,19,0249
899,242,118,136,012A
900,209,88,7,0204
902,130,38,55,0154
904,85,120,34,006C
905,98,138,40,006B
906,127,179,53,006A
907,199,230,102,0069
909,21,111,73,0050
910,24,126,86,004F
911,24,144,101,004E
912,27,157,107,004D
913,109,171,119,004C
915,130,0,67,0146
917,155,19,89,0145
918,130,52,10,0215
919,166,69,16,0214
920,172,84,20,0213
921,198,98,24,0212
922,226,115,35,0211
924,86,106,106,00F7
926,152,174,174,00F5
927,189,203,203,00F4
928,221,227,227,00F3
930,69,92,113,00DE
931,106,133,158,00DD
932,162,181,198,00DC
934,49,57,25,0074
935,66,77,33,0073
936,76,88,38,0072
937,98,113,51,0071
938,54,31,14,024A
939,27,40,83,00D9
943,61,147,132,002F
945,251,213,187,0217
946,235,99,7,0203
947,255,123,77,0202
948,254,231,218,0226
950,238,211,196,0234
951,255,226,207,020B
954,136,186,145,004B
955,162,214,173,004A
956,255,145,145,011D
957,253,181,181,011C
958,62,182,161,00FD
959,89,199,180,00FC
961,207,115,115,0122
962,230,138,138,0121
963,255,215,215,011F
964,169,226,216,00FB
966,185,215,192,0035
967,255,222,213,0205
970,247,139,19,0200
971,246,127,0,0201
972,255,181,21,01F9
973,255,227,0,01F3
975,145,79,18,0225
976,194,129,66,0223
977,220,156,86,0222
986,64,82,48,1E6B
987,88,113,65,005B
988,115,139,91,005A
989,141,166,117,0059
991,71,123,110,0034
992,111,174,159,0032
993,144,192,180,0031
995,38,150,182,00C7
996,48,194,236,00C5
3011,137,138,88,01CC
3012,166,167,93,01CB
3013,185,185,130,01CA
3021,79,75,65,018A
3022,142,144,120,018D
3023,177,170,151,018C
3024,235,234,231,018B
3031,75,60,42,0180
3032,179,159,139,0191
3033,227,216,204,018F
3041,149,111,124,0157
3042,183,157,167,0156
3045,188,150,106,01DC
3046,216,188,154,01DB
3047,231,214,193,01DA
3051,95,102,72,0078
3052,136,146,104,0077
3053,156,164,130,0076
3064,196,142,112,0235
3072,230,232,232,019A
3078,253,249,205,01F5
3325,184,210,230,00D1
3326,251,173,180,0128
3328,227,109,109,0104
3340,255,131,111,0208
3341,252,171,152,0207
3345,27,89,21,0061
3346,64,106,58,1E6C
3347,113,147,92,005F
3348,204,217,177,005E
3350,188,67,101,0131
3354,228,166,172,012E
3362,94,107,71,007E
3363,114,130,86,007D
3364,131,151,95,007C
3371,30,17,8,024B
3607,197,73,137,0143
3608,234,156,196,0142
3609,244,174,213,0141
3685,136,21,49,0137
3687,201,107,112,0135
3688,231,169,172,0134
3689,251,191,194,0133
3705,255,121,146,010E
3706,255,173,188,010D
3708,255,203,213,010C
3712,241,135,135,0103
3713,255,226,226,0100
3716,255,189,189,0120
3721,161,75,81,014C
3722,188,108,100,014B
3726,155,91,102,0151
3727,219,169,178,014F
3731,218,103,131,0130
3733,232,135,155,012F
3740,120,87,98,0158
3743,215,203,211,0155
3746,119,107,152,016D
3747,211,215,237,0168
3750,56,76,94,00DF
3752,199,209,219,00DB
3753,219,226,233,00DA
3755,147,180,206,00D2
3756,238,252,252,00CE
3760,62,133,162,00E4
3761,172,216,226,00E1
3765,52,127,140,00EC
3766,153,207,217,00E9
3768,101,127,127,00F6
3770,255,238,227,0216
3771,244,187,169,0228
3772,160,108,80,0238
3773,182,117,82,0237
3774,243,225,215,0233
3776,207,121,57,0219
3777,134,48,34,022E
3778,217,137,120,022A
3779,248,202,200,022F
3781,107,87,67,0193
3782,210,188,166,0190
3787,98,93,80,0189
3790,127,106,85,0192
3799,66,66,66,01A8
3801,231,73,103,010F
3802,113,65,73,0153
3803,171,51,87,0136
3804,224,40,118,0140
3805,243,71,139,013F
3806,255,140,174,013E
3807,96,103,140,0172
3808,54,105,112,00F2
3809,63,124,133,00F1
3810,72,142,154,00F0
3811,188,227,230,00ED
3812,47,140,132,00FE
3813,178,212,189,0045
3814,80,139,125,0033
3815,71,119,89,0042
3816,101,165,125,0040
3817,153,195,170,003F
3818,17,90,59,0051
3819,224,232,104,01C1
3820,223,182,95,01EF
3821,243,206,117,01EE
3822,246,220,152,01ED
3823,255,253,227,021D
3824,254,205,194,0206
3825,253,189,150,0210
3826,173,114,57,0224
3827,247,187,119,0221
3828,183,139,97,01E1
3829,169,130,4,01EC
3830,185,85,68,022C
3831,179,47,72,0125
3832,219,85,110,0124
3833,234,134,153,0123
3834,114,55,93,015B
3835,148,96,131,015A
3836,186,145,170,0159
3837,108,58,110,0161
3838,92,114,148,0178
3839,123,142,171,0177
3840,176,192,218,0176
3841,205,223,237,00D0
3842,50,102,124,00E6
3843,20,170,208,00C6
3844,18,174,186,00CA
3845,4,196,202,00C9
3846,6,227,230,00C8
3847,52,125,117,00FA
3848,85,147,146,00F9
3849,82,179,164,00F8
3850,55,132,119,0030
3851,73,179,161,00FF
3852,205,157,55,01F0
3853,242,151,70,0220
3854,242,175,104,021F
3855,250,211,150,021E
3856,255,211,181,020C
3857,104,37,26,0232
3858,150,74,63,0231
3859,186,139,124,0230
3860,125,93,87,023E
3861,166,136,129,023D
3862,138,110,78,024F
3863,164,131,92,024E
3864,203,182,156,024D
3865,249,247,241,0183
3866,250,246,240,0194
B5200,255,255,255,0181
Ecru,240,234,218,0184
White,252,251,248,0182